188
179
156
104
124
184
134
130
168
145
150
173
149
133
152
128
198
149
140
126
195
160
101
173
170
135
182
125
168
144
124
167
115
135
112
126
101
103
184
167
108
195
174
140
182
128
101
136
174
100
191
146
132
109
157
195
105
150
130
156
181
163
148
148
168
150
106
105
132
143
158
121
180
123
188
116
150
173
193
157
199
160
111
192
130
158
131
125
164
146
172
167
112
101
101
152
186
138
140
106
149
131
115
152
129
135
115
169
148
185
152
122
129
148
178
141
162
162
144
133
149
106
186
129
166
120
127
112
170
104
134
175
135
125
159
111
185
128
181
166
108
197
174
109
138
128
156
102
150
102
166
133
102
168
128
187
145
143
151
135
103
198
178
159
191
139
140
174
171
139
149
150
102
123
167
184
179
103
176
164
198
196
102
149
127
195
105
137
157
103
165
133
148
160
181
165
107
133
118
168
176
102